1993.011526;-38.61;-38.78
1993.038692;-42.01;-39.8
1993.065858;-41.97;-39.64
1993.093025;-42.71;-39.67
1993.120191;-37.88;-38.75
1993.147357;-36.1;-37.7
1993.174523;-36.13;-36.83
1993.201689;-35.55;-36.29
1993.228855;-35.48;-36.07
1993.256021;-39.27;-36.13
1993.283188;-37.54;-36.37
1993.310354;-34.54;-36.75
1993.33752;-36.64;-37.19
1993.364686;-38.8;-37.39
1993.391852;-40.24;-37.64
1993.419018;-38.35;-37.21
1993.446185;-36.06;-36.82
1993.473351;-35.24;-36.24
1993.500517;-35.4;-35.75
1993.527683;-35.82;-35.27
1993.554849;-28.49;-34.62
1993.582015;-35.73;-33.73
1993.609181;-34.14;-32.71
1993.636348;-30.28;-31.8
1993.663514;-29.78;-30.98
1993.69068;-30.55;-30.36
1993.717846;-32.01;-29.93
1993.745012;-28.82;-29.42
1993.772178;-26.6;-29.24
1993.799345;-29.36;-29.5
1993.826511;-30.93;-30.24
1993.853677;-31.51;-31.09
1993.880843;-32.47;-31.62
1993.908009;-34.32;-31.71
1993.935175;-32.28;-31.52
1993.962341;-28.39;-31.28
1993.989508;-31.15;-31.5
1994.016674;-33.35;-31.51
1994.04384;-30.89;-31.73
1994.071006;-29.33;-32.38
1994.098172;-34.12;-33.15
1994.125338;-37.43;-33.73
1994.152505;-36.81;-33.79
1994.179671;-32.28;-33.2
1994.206837;-35.25;-32.3
1994.234003;-28.69;-31.69
1994.261169;-31.93;-31.72
1994.288335;-31.71;-32.48
1994.315501;-33.31;-33.06
1994.342668;-34.63;-33.88
1994.369834;-35.2;-34.33
1994.397;-37.95;-34.89
1994.424166;-35.48;-34.95
1994.451332;-32.64;-34.79
1994.478498;-40.34;-34.44
1994.505664;-38.62;-33.84
1994.532831;-32.84;-32.98
1994.559997;-31.49;-31.99
1994.587163;-31.35;-30.92
1994.614329;-31.68;-29.79
1994.641495;-28.88;-28.69
1994.668661;-27.03;-27.66
1994.695828;-25.4;-26.64
1994.722994;-26.18;-26.01
1994.75016;-27.1;-25.58
1994.777326;-25.57;-25.33
1994.804492;-23.4;-25.36
1994.831658;-25.64;-25.83
1994.858824;-20.03;-26.67
1994.885991;-28.4;-27.4
1994.913157;-32.12;-27.57
1994.940323;-27.87;-27.18
1994.967489;-26;-26.58
1994.994655;-24.96;-26.4
1995.021821;-24.75;-26.44
1995.048988;-27.61;-26.61
1995.076154;-25.28;-27.45
1995.10332;-30.5;-28.31
1995.130486;-34.06;-28.83
1995.157652;-28.93;-28.69
1995.184818;-29.02;-28.6
1995.211984;-23.92;-28.55
1995.239151;-30.6;-28.9
1995.266317;-31.36;-29.46
1995.293483;-31.32;-30.01
1995.320649;-30.16;-30.37
1995.347815;-38.01;-30.71
1995.374981;-33.48;-30.98
1995.402148;-31.79;-31.03
1995.429314;-29.13;-31.06
1995.45648;-32.13;-31.15
1995.483646;-33.37;-31.22
1995.510812;-29.28;-30.83
1995.537978;-32.39;-30.55
1995.565144;-30.96;-29.69
1995.592311;-30.22;-28.58
1995.619477;-28.23;-27.05
1995.646643;-27.1;-25.67
1995.673809;-24.37;-24.29
1995.700975;-22.85;-22.8
1995.728141;-17.42;-22.47
1995.755307;-23.04;-21.92
1995.782474;-24.1;-22.35
1995.80964;-30.35;-23.03
1995.836806;-24.6;-23.63
1995.863972;-25.6;-24.04
1995.891138;-23.98;-24.32
1995.918304;-44.45;-24.65
1995.945471;-27.55;-25.41
1995.972637;-21.86;-26.21
1995.999803;-26.76;-27.07
1996.026895;-30.59;-28.22
1996.053987;-32.3;-29.1
1996.081079;-33.65;-29.14
1996.108171;-27.55;-29.28
1996.135263;-31.18;-28.9
1996.162355;-27.48;-28.69
1996.189447;-30.86;-28.79
1996.216539;-29.03;-29.1
1996.243631;-29.07;-29.47
1996.270723;-32.38;-29.62
1996.297815;-32.43;-29.7
1996.324907;-29.6;-29.69
1996.351998;-29.57;-29.42
1996.37909;-30.98;-29.08
1996.406182;-29.1;-28.68
1996.433274;-28.85;-28.15
1996.460366;-33.72;-27.44
1996.487458;-28.15;-26.57
1996.51455;-27.75;-25.64
1996.541642;-26.3;-24.75
1996.568734;-22.1;-24
1996.595826;-24.16;-23.56
1996.622918;-24;-23.11
1996.65001;-24.11;-22.77
1996.677102;-25.24;-22.22
1996.704194;-22.44;-21.41
1996.731285;-20.05;-20.37
1996.758377;-19.56;-19.21
1996.785469;-26.69;-18.18
1996.812561;-18.08;-17.72
1996.839653;-14.02;-18.08
1996.866745;-18.91;-19.14
1996.893837;-24;-20.62
1996.920929;-23.18;-22.25
1996.948021;-22.64;-23.71
1996.975113;-28.37;-25.22
1997.002211;-29.5;-26.32
1997.029377;-27.37;-27.04
1997.056543;-30.01;-27.45
1997.083709;-27.62;-27.68
1997.110875;-34.85;-27.82
1997.138042;-29.49;-27.83
1997.165208;-29.29;-27.64
1997.192374;-29.66;-27.26
1997.21954;-27.37;-26.81
1997.246706;-26.07;-26.62
1997.273872;-24.97;-26.51
1997.301038;-29.97;-26.5
1997.328205;-28.76;-26.59
1997.355371;-25.7;-26.58
1997.382537;-29.7;-26.42
1997.409703;-25.66;-25.96
1997.436869;-30.77;-25.56
1997.464035;-28.3;-24.73
1997.491202;-25.39;-23.66
1997.518368;-24.67;-22.42
1997.545534;-19.88;-21.04
1997.5727;-20.36;-19.43
1997.599866;-24.96;-17.79
1997.627032;-18.09;-16.11
1997.654198;-15.91;-14.65
1997.681365;-15.05;-13.42
1997.708531;-12.41;-12.39
1997.735697;-10.18;-11.66
1997.762863;-8.44;-11.69
1997.790029;-12.17;-11.57
1997.817195;-13.24;-12.15
1997.844362;-11.98;-13
1997.871528;-15.85;-14.3
1997.898694;-16.6;-15.44
1997.92586;-15.03;-16.92
1997.953026;-23.14;-18.43
1997.980192;-21.35;-19.63
1998.007358;-24.47;-20.42
1998.034525;-20.8;-20.85
1998.061691;-25.03;-21.09
1998.088857;-22.2;-21.33
1998.116023;-22.31;-21.58
1998.143189;-23.49;-21.75
1998.170355;-24.83;-21.79
1998.197521;-22.26;-21.69
1998.224688;-22.3;-21.69
1998.251854;-23.08;-21.62
1998.27902;-21.18;-21.9
1998.306186;-23.68;-22.51
1998.333352;-24.31;-23.45
1998.360518;-26.95;-24.7
1998.387685;-25.46;-25.83
1998.414851;-29.91;-27.05
1998.442017;-29.18;-27.51
1998.469183;-30.43;-27.54
1998.496349;-27.33;-27.37
1998.523515;-27.76;-27.14
1998.550681;-29.28;-26.74
1998.577848;-27.9;-26.37
1998.605014;-27.75;-25.51
1998.63218;-28;-24.79
1998.659346;-24.46;-23.92
1998.686512;-23.19;-23.17
1998.713678;-23.83;-22.58
1998.740845;-23.68;-22.29
1998.768011;-22.6;-21.9
1998.795177;-24.21;-21.89
1998.822343;-21.82;-22.2
1998.849509;-24.03;-22.75
1998.876675;-24.2;-23.4
1998.903841;-27.94;-23.98
1998.931008;-23.74;-24.51
1998.958174;-27.68;-24.88
1998.98534;-26.52;-25.3
1999.012506;-28.27;-25.5
1999.039672;-26.4;-25.42
1999.066838;-28.46;-24.9
1999.094005;-30.96;-23.95
1999.121171;-20.44;-23.02
1999.148337;-23.38;-22.15
1999.175503;-21.77;-21.76
1999.202669;-23.59;-21.71
1999.229835;-22.55;-22.02
1999.257001;-24.74;-22.29
1999.284168;-23.68;-22.8
1999.311334;-28.8;-23.36
1999.3385;-26.82;-23.85
1999.365666;-24.92;-24.17
1999.392832;-26.1;-24.37
1999.419998;-24.94;-24.46
1999.447164;-28.39;-24.38
1999.474331;-26.44;-23.83
1999.501497;-25.27;-23.37
1999.528663;-23.19;-22.57
1999.555829;-23.3;-21.74
1999.582995;-22.3;-20.87
1999.610161;-23.53;-19.81
1999.637328;-18.23;-18.4
1999.664494;-21.5;-16.68
1999.69166;-17.58;-15.01
1999.718826;-14.13;-13.77
1999.745992;-14.88;-13.36
1999.773158;-11.58;-12.85
1999.800324;-14.59;-13.04
1999.827491;-15.23;-13.56
1999.854657;-16.59;-14.08
1999.881823;-15.8;-14.65
1999.908989;-18.2;-15.18
1999.936155;-16.1;-15.68
1999.963321;-17.08;-16.16
1999.990488;-17.64;-16.62
2000.017605;-19.69;-17.1
2000.044697;-18.72;-17.64
2000.071789;-18.43;-18.16
2000.098881;-22.2;-18.56
2000.125973;-23.02;-18.96
2000.153065;-19.67;-18.99
2000.180157;-19.81;-18.92
2000.207249;-21.86;-18.93
2000.234341;-18.39;-19.23
2000.261433;-23.71;-19.87
2000.288525;-23.62;-20.62
2000.315617;-22.55;-21.2
2000.342709;-24.39;-21.53
2000.369801;-23.34;-21.66
2000.396892;-23.25;-21.81
2000.423984;-23.41;-21.82
2000.451076;-24.37;-21.85
2000.478168;-24.96;-21.65
2000.50526;-22.96;-21.22
2000.532352;-21.11;-20.51
2000.559444;-20.71;-19.46
2000.586536;-23.26;-18.13
2000.613628;-19.42;-16.67
2000.64072;-14.49;-15.05
2000.667812;-17.05;-13.66
2000.694904;-15.89;-12.09
2000.721996;-11.12;-10.8
2000.749088;-8.72;-9.34
2000.776179;-8.06;-8.63
2000.803271;-10.85;-8.62
2000.830363;-2.22;-9.31
2000.857455;-10.09;-10.67
2000.884547;-13.39;-11.84
2000.911639;-14.72;-13.08
2000.938731;-18.29;-14.05
2000.965823;-18.54;-14.67
2000.992915;-15.78;-14.83
2001.020062;-17.09;-15.08
2001.047228;-16.36;-15.11
2001.074394;-17.44;-15.06
2001.10156;-16.6;-14.89
2001.128726;-19.09;-14.61
2001.155892;-15.21;-14.31
2001.183059;-12.22;-14.13
2001.210225;-19.43;-14.14
2001.237391;-15.72;-14.11
2001.264557;-16.68;-14.19
2001.291723;-14.1;-14.43
2001.318889;-15.95;-14.91
2001.346055;-18.61;-15.54
2001.373222;-19.04;-16.08
2001.400388;-19.29;-16.27
2001.427554;-19.32;-15.94
2001.45472;-19.68;-15.07
2001.481886;-15.26;-13.88
2001.509052;-12.71;-12.67
2001.536218;-11.95;-11.65
2001.563385;-15.73;-10.77
2001.590551;-10.85;-9.87
2001.617717;-12.25;-8.77
2001.644883;-10.33;-7.42
2001.672049;-8.28;-5.96
2001.699215;-5.34;-4.66
2001.726382;-4.13;-3.85
2001.753548;-2.11;-3.69
2001.780714;-6.49;-4.09
2001.80788;-10.38;-4.76
2001.835046;-6.54;-5.54
2001.862212;-5.27;-6.46
2001.889378;-10.35;-7.55
2001.916545;-11.88;-8.7
2001.943711;-13.65;-9.67
2001.970877;-12.82;-10.35
2001.998043;-11.38;-10.73
2002.025209;-15.75;-10.86
2002.052375;-13.69;-10.81
2002.079542;-10.58;-10.7
2002.106708;-13.01;-10.68
2002.133874;-13.63;-10.87
2002.16104;-10.63;-11.2
2002.188206;-16.32;-11.56
2002.215372;-15.13;-11.79
2002.242538;-14.21;-11.89
2002.269705;-11.72;-11.99
2002.296871;-15.56;-12.18
2002.324037;-14.3;-12.45
2002.351203;-16.2;-12.73
2002.378369;-14.54;-12.93
2002.405535;-14.64;-12.96
2002.432702;-17.67;-12.68
2002.459868;-16.52;-11.95
2002.487034;-11.76;-10.77
2002.5142;-12.61;-9.25
2002.541366;-10.07;-7.55
2002.568532;-8.29;-5.83
2002.595698;-5.84;-4.28
2002.622865;-2.3;-3.06
2002.650031;-5.28;-2.18
2002.677197;-4.63;-1.52
2002.704363;-3.04;-0.9
2002.731529;-2.15;-0.22
2002.758695;-3.38;0.47
2002.785861;-1.23;1.02
2002.813028;3.38;1.21
2002.840194;-1.91;0.85
2002.86736;-1.73;-0.04
2002.894526;-2.44;-1.28
2002.921692;-6.58;-2.62
2002.948858;-7.06;-3.84
2002.976025;-6.66;-4.74
2003.003191;-9.43;-5.17
2003.030357;-11.7;-5.09
2003.057523;-4.7;-4.71
2003.084689;-5.3;-4.41
2003.111855;-3.47;-4.47
2003.139021;-9.51;-4.86
2003.166188;-9.39;-5.27
2003.193354;-8.48;-5.5
2003.22052;-7.26;-5.59
2003.247686;-7.75;-5.71
2003.274852;-7.25;-6.01
2003.302018;-8.98;-6.5
2003.329185;-10.43;-7.07
2003.356351;-10.39;-7.61
2003.383517;-10.39;-8.04
2003.410683;-10.57;-8.32
2003.437849;-13.18;-8.36
2003.465015;-10.38;-8.08
2003.492181;-11.37;-7.46
2003.519348;-9.83;-6.58
2003.546514;-6.47;-5.57
2003.57368;-7.76;-4.5
2003.600846;-5.95;-3.33
2003.628012;-7.21;-2.04
2003.655178;-1.73;-0.71
2003.682345;0.07;0.48
2003.709511;-1.37;1.38
2003.736677;-0.77;1.96
2003.763843;0.67;2.23
2003.791009;-0.36;2.12
2003.818175;1.93;1.56
2003.845341;-1.35;0.62
2003.872508;-3.91;-0.4
2003.899674;-9.02;-1.17
2003.92684;-2.33;-1.57
2003.954006;-2.27;-1.73
2003.981172;-6.31;-1.75
2004.008316;-6.63;-1.76
2004.035407;-2.01;-1.88
2004.062499;-2.04;-2.3
2004.089591;-4.61;-3
2004.116683;-11.68;-3.71
2004.143775;-7.02;-4.15
2004.170867;-5.48;-4.28
2004.197959;-7.42;-4.27
2004.225051;-7.51;-4.3
2004.252143;-5.92;-4.5
2004.279235;-7.54;-5.03
2004.306327;-5.9;-5.94
2004.333419;-10.28;-7.13
2004.360511;-11.82;-8.28
2004.387603;-15.66;-8.96
2004.414694;-12.1;-8.89
2004.441786;-13.23;-8.03
2004.468878;-10.75;-6.62
2004.49597;-5.05;-5.06
2004.523062;-4.79;-3.69
2004.550154;-5.48;-2.55
2004.577246;-6.31;-1.47
2004.604338;-4.06;-0.28
2004.63143;-0.28;1.04
2004.658522;-0.43;2.33
2004.685614;0.03;3.43
2004.712706;4.58;4.2
2004.739798;1.45;4.56
2004.76689;1.73;4.56
2004.793981;2.82;4.27
2004.821073;0.45;3.79
2004.848165;0.4;3.24
2004.875257;0.31;2.73
2004.902349;-3.36;2.35
2004.929441;0.52;2.05
2004.956533;-1.26;1.68
2004.983625;2.41;1.13
2005.010746;-5.38;0.54
2005.037912;-6.07;0.19
2005.065079;-2.41;0.24
2005.092245;-1.42;0.6
2005.119411;-1.65;1.04
2005.146577;-2.9;1.35
2005.173743;1.36;1.39
2005.200909;0.15;1.14
2005.228075;-5.27;0.7
2005.255242;-3.45;0.21
2005.282408;-0.1;-0.21
2005.309574;-5.8;-0.55
2005.33674;-4.63;-0.76
2005.363906;-3.64;-0.8
2005.391072;-3.5;-0.69
2005.418239;-3.8;-0.47
2005.445405;-3.69;-0.17
2005.472571;-2.51;0.26
2005.499737;-3.66;0.81
2005.526903;-0.36;1.46
2005.554069;-2.09;2.16
2005.581235;1.34;2.88
2005.608402;-0.54;3.68
2005.635568;0.56;4.59
2005.662734;2.49;5.63
2005.6899;3.72;6.66
2005.717066;5.99;7.48
2005.744232;6.27;7.94
2005.771399;5.84;8.09
2005.798565;2.9;8.12
2005.825731;3.92;8.19
2005.852897;7.17;8.24
2005.880063;5.67;8.11
2005.907229;5.69;7.63
2005.934395;3.83;6.8
2005.961562;2.73;5.7
2005.988728;2.1;4.47
2006.015894;-0.95;3.3
2006.04306;-2.17;2.32
2006.070226;-1.91;1.64
2006.097392;-1.91;1.22
2006.124559;-3.16;0.96
2006.151725;-2.15;0.7
2006.178891;0.23;0.34
2006.206057;-6.01;-0.14
2006.233223;-4.01;-0.66
2006.260389;-3.15;-1.13
2006.287555;-5.18;-1.45
2006.314722;-6.46;-1.5
2006.341888;-6.45;-1.19
2006.369054;-3.33;-0.56
2006.39622;-1.52;0.24
2006.423386;-3.12;1.09
2006.450552;-1.75;1.98
2006.477718;-1.07;2.93
2006.504885;1.49;3.84
2006.532051;2.89;4.6
2006.559217;2.08;5.17
2006.586383;2.25;5.75
2006.613549;0.22;6.6
2006.640715;3.14;7.83
2006.667882;6.98;9.25
2006.695048;9.5;10.47
2006.722214;10.86;11.22
2006.74938;6.81;11.53
2006.776546;6.74;11.58
2006.803712;9.37;11.5
2006.830878;9.17;11.17
2006.885211;7.54;9.47
2006.912377;3.21;8.45
2006.939543;6.02;7.51
2006.966709;2.58;6.59
2006.993875;2.6;5.67
2007.021042;1.2;4.92
2007.048208;-0.21;4.14
2007.075374;-0.6;3.78
2007.10254;-1.05;3.76
2007.129706;-0.05;3.95
2007.156872;3.96;4.1
2007.184038;0.66;4.06
2007.211205;-0.16;3.86
2007.238371;-1.64;3.6
2007.265537;1.27;3.29
2007.292703;0.97;2.84
2007.319869;-0.3;2.28
2007.347035;-5.28;1.76
2007.374202;-2.22;1.5
2007.401368;-1.76;1.52
2007.428534;-1.75;1.75
2007.4557;-2.04;2.05
2007.482866;-0.69;2.34
2007.510032;0;2.62
2007.537198;-1.2;2.98
2007.564365;-2.39;3.58
2007.591531;-0.6;4.43
2007.618697;5.37;5.37
2007.645863;2.87;6.24
2007.673029;2.03;7
2007.700195;3.19;7.71
2007.727361;7.06;8.37
2007.754528;5.25;8.95
2007.781694;4.76;9.42
2007.80886;7.74;9.79
2007.836026;5.44;10.02
2007.863192;7.24;10.01
2007.890358;8.33;9.57
2007.917525;6.29;8.64
2007.944691;4.84;7.37
2007.971857;-0.36;6.1
2007.999023;-1.05;5.16
2008.026118;1.3;4.58
2008.05321;2.35;4.17
2008.080301;1.15;3.71
2008.107393;-2.79;3.2
2008.134485;-0.31;2.77
2008.161577;-2.87;2.48
2008.188669;-0.56;2.28
2008.215761;-0.2;2.02
2008.242853;-2.34;1.64
2008.269945;-2.87;1.24
2008.297037;-2.88;1.09
2008.324129;-5.54;1.43
2008.351221;-3.64;2.36
2008.378313;0.92;3.66
2008.405405;3.92;4.99
2008.432497;2.22;6.06
2008.459588;3.07;6.79
2008.48668;4.4;7.29
2008.513772;3.82;7.68
2008.540864;3.56;8.1
2008.567956;4.41;8.66
2008.595048;4.5;9.36
2008.62214;7.61;10.13
2008.649232;7.12;10.87
2008.676324;8.2;11.53
2008.703416;7.25;12.14
2008.730508;9.15;12.71
2008.7576;9.93;13.18
2008.784692;10.57;13.42
2008.811784;10.78;13.38
2008.838875;8.88;13.1
2008.865967;8.61;12.67
2008.893059;6.99;12.12
2008.920151;11.33;11.38
2008.947243;6.69;10.47
2008.974335;3.16;9.52
2009.001431;4.24;8.74
2009.028597;3.77;8.21
2009.055763;5.54;7.87
2009.082929;2.77;7.7
2009.110096;1.91;7.69
2009.137262;4.44;7.85
2009.164428;4.69;8.07
2009.191594;4.52;8.19
2009.21876;5.21;8.15
2009.245926;4.01;7.93
2009.273092;3.07;7.64
2009.300259;3.4;7.36
2009.327425;2.69;7.12
2009.354591;3.83;6.94
2009.381757;2.49;6.85
2009.408923;0.82;6.93
2009.436089;3.63;7.19
2009.463256;4.56;7.67
2009.490422;3.2;8.41
2009.517588;2.62;9.49
2009.544754;6.18;10.9
2009.57192;11.44;12.44
2009.599086;9.88;13.93
2009.626252;10.23;15.32
2009.653419;12.19;16.68
2009.680585;14.08;18.02
2009.707751;16.64;19.23
2009.734917;17.03;20.21
2009.762083;16.4;20.92
2009.789249;17.35;21.35
2009.816415;18.83;21.45
2009.843582;19.44;21.12
2009.870748;15.41;20.36
2009.897914;16.33;19.3
2009.92508;13.84;18.13
2009.952246;10.28;17.01
2009.979412;14.41;15.96
2010.006579;10.14;14.98
2010.033745;9.87;14.15
2010.060911;8.3;13.67
2010.088077;5.72;13.68
2010.115243;10.04;14.03
2010.142409;13.12;14.32
2010.169575;14.73;14.15
2010.196742;6.7;13.51
2010.223908;7.35;12.72
2010.251074;6.57;12.11
2010.27824;8.37;11.79
2010.305406;7.43;11.74
2010.332572;6.14;11.94
2010.359739;7.03;12.36
2010.386905;10.24;12.93
2010.414071;8.97;13.5
2010.441237;9.77;13.95
2010.468403;11.25;14.22
2010.495569;10.54;14.32
2010.522735;8.6;14.33
2010.549902;10.65;14.31
2010.577068;10.46;14.3
2010.604234;9.18;14.29
2010.6314;11.26;14.36
2010.658566;7.7;14.54
2010.685732;10.78;14.85
2010.712899;12.23;15.23
2010.740065;11.13;15.58
2010.767231;9.96;15.79
2010.794397;14.24;15.76
2010.821563;12.33;15.37
2010.848729;9.95;14.6
2010.875895;10.17;13.59
2010.903062;6.77;12.56
2010.930228;6.71;11.68
2010.957394;5.8;10.97
2010.98456;7.53;10.38
2011.011726;5.18;9.84
2011.038892;4.03;9.37
2011.066059;4.14;9.02
2011.093225;4.41;8.77
2011.120391;4.76;8.5
2011.147557;4.49;8.11
2011.174723;3.21;7.55
2011.201889;3.35;6.93
2011.229055;-0.78;6.36
2011.256222;1.92;5.95
2011.283388;1.93;5.73
2011.310554;1.16;5.73
2011.33772;-1.95;6.02
2011.364886;2.93;6.67
2011.392052;3.57;7.62
2011.419218;2.22;8.75
2011.446385;6.28;9.87
2011.473551;9.28;10.84
2011.500717;6.35;11.64
2011.527883;6.69;12.5
2011.555049;7.32;13.63
2011.582215;9.29;15.11
2011.609382;13.81;16.75
2011.636548;14.71;18.23
2011.663714;16.75;19.31
2011.69088;15.99;20.02
2011.718046;14.09;20.5
2011.745212;16.17;20.84
2011.772378;18.04;20.92
2011.799545;19.99;20.6
2011.826711;14.26;19.95
2011.853877;11.87;19.23
2011.881043;12.95;18.7
2011.908209;16.03;18.38
2011.935375;13.52;18.18
2011.962542;12.34;18.08
2011.989708;11.91;18.16
2012.016828;14.76;18.41
2012.04392;13.83;18.74
2012.071012;15.51;18.98
2012.098104;14.27;19.02
2012.125195;15.25;18.84
2012.152287;14.28;18.49
2012.179379;12.45;18.08
2012.206471;12.37;17.75
2012.233563;13.41;17.53
2012.260655;12.07;17.44
2012.287747;12.51;17.43
2012.314839;13.26;17.48
2012.341931;12.66;17.57
2012.369023;13.21;17.81
2012.396115;11.34;18.29
2012.423207;13.04;19.08
2012.450299;17.48;20.14
2012.477391;15.88;21.38
2012.504482;15.83;22.74
2012.531574;20.3;24.13
2012.558666;22.78;25.37
2012.585758;22;26.35
2012.61285;22.99;27.16
2012.639942;20.02;28.01
2012.667034;24.98;29.04
2012.694126;24.83;30.2
2012.721218;28.16;31.24
2012.74831;28.24;31.94
2012.775402;28.97;32.21
2012.802494;27.03;32.1
2012.829586;26.73;31.77
2012.856677;26.95;31.34
2012.883769;25.87;30.89
2012.910861;24.71;30.41
2012.937953;27.28;29.89
2012.965045;23.12;29.29
2012.992137;24.42;28.7
2013.019282;22.67;28.2
2013.046448;21.42;27.83
2013.073614;23.82;27.59
2013.10078;23.27;27.38
2013.127946;21.33;27.16
2013.155113;21.56;26.94
2013.182279;22.73;26.65
2013.209445;21.72;26.19
2013.236611;22;25.49
2013.263777;20.37;24.61
2013.290943;15.94;23.68
2013.318109;18.25;22.84
2013.345276;18.54;22.1
2013.372442;15.77;21.47
2013.399608;14.73;21.04
2013.426774;15.09;20.9
2013.45394;15.2;21.1
2013.481106;17.23;21.63
2013.508272;16.19;22.4
2013.535439;17.27;23.32
2013.562605;20.73;24.26
2013.589771;22.1;25.13
2013.616937;18.26;25.96
2013.644103;21.29;26.85
2013.671269;23.43;27.83
2013.698436;24.5;28.81
2013.725602;24.6;29.71
2013.752768;25.73;30.47
2013.779934;25.6;31.07
2013.8071;27.9;31.41
2013.834266;27.85;31.39
2013.861432;25.92;30.96
2013.888599;25.9;30.17
2013.915765;25.34;29.19
2013.942931;20.73;28.26
2013.970097;21.23;27.58
2013.997263;22.48;27.25
2014.024429;21.44;27.23
2014.051596;22.27;27.45
2014.078762;21.93;27.83
2014.105928;23.02;28.28
2014.133094;24.63;28.64
2014.16026;25.09;28.74
2014.187426;23.61;28.51
2014.214592;22.87;27.94
2014.241759;23.22;27.06
2014.268925;21.36;25.98
2014.296091;19.03;24.85
2014.323257;17.12;23.9
2014.350423;17.62;23.31
2014.377589;16.35;23.2
2014.404756;17.78;23.54
2014.431922;18.98;24.31
2014.459088;18.59;25.4
2014.486254;21.41;26.72
2014.51342;23.76;28.14
2014.540586;24.94;29.57
2014.567752;24.12;30.95
2014.594919;27.8;32.24
2014.622085;29.23;33.36
2014.649251;29.97;34.21
2014.676417;29.47;34.81
2014.703583;30.58;35.27
2014.730749;28.53;35.71
2014.757915;30.67;36.08
2014.785082;33.93;36.19
2014.812248;32.82;35.86
2014.839414;29.07;35.16
2014.86658;28.61;34.42
2014.893746;24.99;33.97
2014.920912;27.34;33.84
2014.948079;33.36;33.78
2014.975245;29.55;33.58
2015.002411;23.97;33.34
2015.029577;27.09;33.38
2015.056743;27.31;33.83
2015.083909;30.38;34.57
2015.111075;29.41;35.3
2015.138242;33.21;35.75
2015.165408;31.51;35.84
2015.192574;28.95;35.71
2015.21974;29.05;35.5
2015.246906;31.04;35.29
2015.274072;29.92;35.02
2015.301239;29.72;34.63
2015.328405;29.29;34.21
2015.355571;27.02;34.01
2015.382737;25.51;34.28
2015.409903;29.09;35.14
2015.437069;31.17;36.45
2015.464235;32.89;37.96
2015.491402;34.57;39.47
2015.518568;35.01;40.88
2015.545734;37.4;42.19
2015.5729;37.96;43.46
2015.600066;39.08;44.79
2015.627232;37.86;46.19
2015.654399;44.64;47.58
2015.681565;44.91;48.77
2015.708731;44.16;49.65
2015.735897;44.37;50.24
2015.763063;45.32;50.59
2015.790229;45.62;50.66
2015.817395;47.78;50.36
2015.844562;44.25;49.68
2015.871728;41;48.7
2015.898894;44.3;47.53
2015.92606;41.51;46.25
2015.953226;38.42;45.07
2015.980392;36.46;44.26
2016.007538;34.65;44.01
2016.03463;39.96;44.2
2016.061722;42.49;44.52
2016.088814;36.91;44.72
2016.115906;39.94;44.77
2016.142997;38.92;44.73
2016.170089;39.27;44.63
2016.197181;38.07;44.38
2016.224273;41.12;43.86
2016.251365;37.58;42.96
2016.278457;36.97;41.73
2016.305549;33.91;40.39
2016.332641;32.66;39.23
2016.359733;30.99;38.53
2016.386825;30.52;38.41
2016.413917;33.32;38.78
2016.441009;33.5;39.39
2016.468101;35.96;39.97
2016.495193;34.92;40.34
2016.522284;34.99;40.48
2016.549376;35.12;40.56
2016.576468;33.45;40.81
2016.60356;34.33;41.43
2016.630652;34.49;42.45
2016.657744;39.15;43.63
2016.684836;41.95;44.59
2016.711928;40.9;45.14
2016.73902;38.26;45.39
2016.766112;37.75;45.64
2016.793204;40.46;46.07
2016.820296;41.52;46.64
2016.847388;41.27;47.1
2016.87448;42.44;47.19
2016.901571;44.84;46.73
2016.928663;39.87;45.73
2016.955755;37.45;44.43
2016.982847;36.81;43.11
2017.009966;35.25;41.97
2017.037133;35.75;41.05
2017.064299;33.88;40.36
2017.091465;33.25;39.93
2017.118631;32.6;39.79
2017.145797;34.48;39.93
2017.172963;33.98;40.22
2017.200129;34.6;40.54
2017.227296;35.76;40.7
2017.254462;36.55;40.61
2017.281628;33.79;40.24
2017.308794;34.11;39.71
2017.33596;32.52;39.17
2017.363126;33.06;38.82
2017.390293;30.08;38.76
2017.417459;33.4;39.01
2017.444625;34.03;39.48
2017.471791;34.17;40.13
2017.498957;34.03;40.98
2017.526123;34.39;42.11
2017.553289;36.74;43.5
2017.580456;41.29;45.02
2017.607622;40.41;46.48
2017.634788;40.87;47.81
2017.661954;43.66;48.9
2017.68912;45.7;49.66
2017.716286;45.49;50.07
2017.743453;42.95;50.23
2017.770619;43.36;50.38
2017.797785;44.45;50.65
2017.824951;44.56;51.04
2017.852117;46.79;51.37
2017.879283;45.52;51.45
2017.906449;46.93;51.13
2017.933616;45.1;50.38
2017.960782;44.37;49.31
2017.987948;40.45;48.17
2018.015114;39.65;47.23
2018.04228;39.79;46.58
2018.069446;40.28;46.13
2018.096613;41.84;45.72
2018.123779;38.53;45.3
2018.150945;35.52;44.91
2018.178111;40.38;44.54
2018.205277;40.4;44.07
2018.232443;36.97;43.49
2018.259609;34.2;42.95
2018.286776;36.11;42.65
2018.313942;36.18;42.65
2018.341108;37.08;42.86
2018.368274;36.66;43.18
2018.39544;36.63;43.53
2018.422606;38.93;43.86
2018.449772;38.41;44.22
2018.476939;36.87;44.7
2018.504105;37.38;45.42
2018.531271;40.59;46.4
2018.558437;42.77;47.52
2018.585603;41.76;48.71
2018.612769;42.86;50.03
2018.639936;44.2;51.51
2018.667102;46.82;53.13
2018.694268;50.3;54.67
2018.721434;49.54;55.93
2018.7486;52.96;56.76
2018.775766;50.73;57.09
2018.802932;51.14;56.93
2018.830099;52.42;56.29
2018.857265;49.68;55.25
2018.884431;47.05;54.01
2018.911597;44.74;52.83
2018.938763;45.64;51.91
2018.965929;44.73;51.34
2018.993096;43.91;51.12
2019.020262;42.37;51.21
2019.047428;47.75;51.48
2019.074594;44.83;51.72
2019.10176;46.99;51.83
2019.128926;45.13;51.79
2019.156092;44.19;51.7
2019.183259;45.19;51.56
2019.210425;47.3;51.33
2019.237591;44.49;50.99
2019.264757;43.23;50.69
2019.291923;41.36;50.6
2019.319089;45.19;50.72
2019.346256;46.42;50.92
2019.373422;44.48;51.1
2019.400588;43.51;51.28
2019.427754;43.96;51.6
2019.45492;46.86;52.1
2019.482086;45.87;52.77
2019.509252;46.04;53.62
2019.536419;48.6;54.69
2019.563585;48.39;56.04
2019.590751;49.45;57.66
2019.617917;53.87;59.37
2019.645083;56.74;60.92
2019.672249;55.81;62.04
2019.699415;57.98;62.61
2019.726582;57.53;62.65
2019.753748;55.06;62.3
2019.780914;56.35;61.79
2019.80808;53.49;61.33
2019.835246;52.2;61.03
2019.862412;56.08;60.82
2019.889579;55.37;60.46
2019.916745;53.8;59.75
2019.943911;53.54;58.62
2019.971077;50.27;57.17
2019.998243;49.44;55.62
2020.02534;46.45;54.19
2020.052432;44.7;53.09
2020.079524;46.71;52.46
2020.106616;41.29;52.31
2020.133708;47.57;52.51
2020.1608;46.3;52.82
2020.187891;48.57;53
2020.214983;45.59;52.98
2020.242075;46.38;52.88
2020.269167;45.7;52.91
2020.296259;43.78;53.21
2020.323351;47.36;53.68
2020.350443;50.17;54.05
2020.377535;49.1;54.1
2020.404627;46.31;53.81
2020.431719;46.96;53.43
2020.458811;44.04;53.27
2020.485903;45.86;53.53
2020.512995;47.07;54.19
2020.540087;48.76;55.1
2020.567178;49.7;56.13
2020.59427;50.71;57.24
2020.621362;49.5;58.47
2020.648454;53.23;59.79
2020.675546;55.98;61.06
2020.702638;56.64;62.09
2020.72973;55.51;62.76
2020.756822;57.68;63.09
2020.783914;57.29;63.1
2020.811006;54.92;62.83
2020.838098;57.31;62.26
2020.86519;56.27;61.43
2020.892282;52.14;60.46
2020.919374;52.61;59.59
2020.946465;50.15;59.03
2020.973557;51.29;58.83
2021.000651;52.66;58.83
2021.027817;52.76;58.78
2021.054983;52.8;58.41
2021.08215;53.04;57.68
2021.109316;49.09;56.73
2021.136482;47.16;55.93
2021.163648;46.43;55.58
2021.190814;48.34;55.77
2021.21798;49.06;56.28
2021.245146;52.03;56.81
2021.272313;50.87;57.1
2021.299479;50.94;57.11
2021.326645;49.18;56.94
2021.353811;49.3;56.73
2021.380977;50.53;56.55
2021.408143;49.68;56.47
2021.43531;47.47;56.58
2021.462476;50.09;57.15
2021.489642;49.5;57.84
2021.516808;52.04;58.46
2021.543974;51.7;58.93
2021.57114;54.87;59.26
2021.598306;57.26;59.48